[    0.7s] escalones (3577, 66) batches 362
[    9.5s] 
        uplift_fisico_total_kg  uplift_fisico_fusion_kg  uplift_fisico_reduccion_kg  dist_total   dist_F   dist_R  support_medio_historico  support_medio_recomendado
count                 362.000                  362.000                     362.000     362.000  360.000  362.000                  362.000                    362.000
mean                  181.997                   67.252                     114.745       0.258    0.296    0.221                    0.397                      0.408
std                   121.681                   50.202                     104.505       0.138    0.183    0.185                    0.072                      0.072
min                     0.000                    0.000                       0.000       0.000    0.000    0.000                    0.072                      0.072
25%                    99.810                   30.220                      52.943       0.156    0.155    0.117                    0.359                      0.372
50%                   156.948                   52.527                      84.726       0.238    0.269    0.165                    0.412                      0.421
75%                   230.759                   95.603                     144.142       0.336    0.402    0.253                    0.452                      0.461
max                  1026.359                  248.742                    1001.265       0.923    0.848    1.514                    0.517                      0.530
[    9.5s] 
                                        count   mean    std    min    25%    50%    75%    max
dir_Fusión_tasa_feed_Carbon_kg_min     360.0 -0.484  0.372 -1.956 -0.675 -0.380 -0.205  0.000
dir_Fusión_tasa_gn_nm3_min             360.0 -0.152  0.257 -1.048 -0.308 -0.110  0.000  0.529
dir_Fusión_tasa_o2_nm3_min             360.0 -0.110  0.284 -0.941 -0.281 -0.081  0.037  1.160
dir_Fusión_tasa_aire_nm3_min           360.0 -0.042  0.128 -0.412 -0.106 -0.022  0.025  0.382
dir_Reducción_tasa_feed_Carbon_kg_min  362.0  0.011  0.114 -0.434 -0.060  0.000  0.069  0.535
dir_Reducción_tasa_gn_nm3_min          362.0 -0.237  0.220 -1.312 -0.324 -0.187 -0.101  0.385
dir_Reducción_tasa_o2_nm3_min          362.0 -0.089  0.214 -1.113 -0.177 -0.071  0.031  0.693
dir_Reducción_tasa_aire_nm3_min        362.0  0.152  0.450 -0.362 -0.009  0.046  0.139  4.787
[  136.5s] 
                                                     coef_por_sd                 p_hc3                spearman               
subset                                                      DEV LOCKBOX  TOTAL    DEV LOCKBOX  TOTAL      DEV LOCKBOX  TOTAL
kpi                              variable                                                                                   
f_dross                          dist_F                  -0.001  -0.000 -0.005  0.620   0.947  0.049    0.001  -0.181 -0.064
                                 dist_F_placebo           0.001   0.007  0.002  0.459   0.194  0.328    0.043   0.189  0.024
                                 dist_R                  -0.002   0.003 -0.001  0.435   0.581  0.563    0.085   0.097  0.063
                                 dist_R_placebo           0.000   0.002  0.001  0.896   0.753  0.717    0.015   0.038  0.009
                                 dist_total              -0.002   0.002 -0.004  0.321   0.750  0.081    0.021  -0.066 -0.032
                                 dist_total_placebo       0.001   0.006  0.002  0.476   0.276  0.300    0.056   0.109  0.026
f_polvo                          dist_F                   0.008   0.001  0.008  0.000   0.877  0.000    0.196   0.083  0.166
                                 dist_F_placebo          -0.002  -0.004 -0.002  0.282   0.339  0.236   -0.075  -0.124 -0.073
                                 dist_R                   0.001  -0.003  0.000  0.723   0.515  0.769    0.055  -0.111  0.029
                                 dist_R_placebo          -0.001   0.001 -0.000  0.609   0.802  0.786   -0.067   0.053 -0.050
                                 dist_total               0.005  -0.002  0.005  0.024   0.656  0.011    0.135   0.023  0.112
                                 dist_total_placebo      -0.002  -0.002 -0.002  0.227   0.647  0.269   -0.105  -0.028 -0.082
recuperacion_refinada_pct        dist_F                  -0.703   0.043 -0.300  0.025   0.948  0.281   -0.120   0.120 -0.048
                                 dist_F_placebo           0.018  -0.314 -0.028  0.944   0.615  0.907   -0.018  -0.050  0.009
                                 dist_R                   0.019   0.085  0.011  0.929   0.867  0.953   -0.107  -0.036 -0.077
                                 dist_R_placebo           0.050  -0.398 -0.057  0.849   0.507  0.811    0.004  -0.136 -0.011
                                 dist_total              -0.337   0.087 -0.132  0.231   0.877  0.596   -0.104   0.050 -0.044
                                 dist_total_placebo       0.035  -0.475 -0.076  0.896   0.452  0.761   -0.024  -0.086 -0.006
recuperacion_refinada_pct_media2 dist_F                  -0.606  -0.600 -0.324  0.006   0.212  0.106   -0.156   0.027 -0.061
                                 dist_F_placebo           0.173   0.198  0.201  0.459   0.652  0.322    0.023   0.059  0.075
                                 dist_R                   0.068  -0.099  0.040  0.722   0.846  0.819   -0.133  -0.067 -0.083
                                 dist_R_placebo           0.073  -0.237 -0.003  0.729   0.585  0.987   -0.001  -0.083 -0.002
                                 dist_total              -0.280  -0.437 -0.159  0.211   0.356  0.406   -0.145  -0.005 -0.060
                                 dist_total_placebo       0.191  -0.031  0.149  0.389   0.939  0.449    0.006   0.011  0.048
recuperacion_refinada_pct_next   dist_F                  -0.509  -1.234 -0.329  0.083   0.093  0.230   -0.103   0.001 -0.041
                                 dist_F_placebo           0.329   0.455  0.399  0.316   0.456  0.151    0.029   0.087  0.076
                                 dist_R                   0.118  -0.200  0.088  0.697   0.799  0.743   -0.086  -0.108 -0.055
                                 dist_R_placebo           0.097  -0.188  0.041  0.737   0.716  0.868   -0.020  -0.003 -0.006
                                 dist_total              -0.224  -0.895 -0.159  0.494   0.206  0.576   -0.114  -0.044 -0.056
                                 dist_total_placebo       0.346   0.173  0.345  0.272   0.715  0.199    0.009   0.062  0.052
rendimiento_proxy_batch          dist_F                  -0.728  -0.029 -0.330  0.025   0.963  0.248   -0.129   0.118 -0.058
                                 dist_F_placebo           0.063  -0.225  0.022  0.814   0.709  0.932   -0.005  -0.048  0.014
                                 dist_R                   0.092   0.029  0.061  0.664   0.954  0.755   -0.099  -0.058 -0.072
                                 dist_R_placebo           0.068  -0.283 -0.028  0.801   0.639  0.909    0.008  -0.120 -0.005
                                 dist_total              -0.291   0.003 -0.111  0.320   0.995  0.663   -0.098   0.032 -0.042
                                 dist_total_placebo       0.084  -0.340 -0.017  0.759   0.578  0.947   -0.011  -0.077  0.002
[  136.5s] LISTO evidencia
