variante lanza ['Cx_sn_v4', 'tasa_gn_nm3_min', 'exceso_o2_combustion_pct', 'tasa_aire_nm3_min', 'posicion_vertical_lanza_mm', 'posicion_vertical_lanza_mm__sq']
[    0.3s] escalones (3577, 68) batches 362
[    8.0s] 
        uplift_fisico_total_kg  uplift_fisico_fusion_kg  uplift_fisico_reduccion_kg  dist_total   dist_F   dist_R  support_medio_historico  support_medio_recomendado
count                 362.000                  362.000                     362.000     362.000  360.000  362.000                  362.000                    362.000
mean                  251.650                   53.874                     197.776       0.231    0.204    0.258                    0.396                      0.405
std                   152.309                   35.416                     147.749       0.114    0.113    0.192                    0.070                      0.070
min                     0.000                    0.000                       0.000       0.000    0.000    0.000                    0.075                      0.075
25%                   158.012                   29.082                     102.277       0.160    0.127    0.153                    0.360                      0.372
50%                   214.338                   47.421                     157.955       0.210    0.190    0.203                    0.406                      0.417
75%                   308.437                   72.510                     251.511       0.278    0.257    0.287                    0.444                      0.454
max                  1268.421                  236.342                    1232.507       0.766    0.679    1.383                    0.519                      0.523
[    8.1s] 
                                           count   mean    std    min    25%    50%    75%    max
dir_Fusión_tasa_feed_Carbon_kg_min        360.0 -0.311  0.236 -1.801 -0.422 -0.264 -0.146  0.050
dir_Fusión_tasa_gn_nm3_min                360.0 -0.159  0.200 -0.837 -0.260 -0.107 -0.035  0.645
dir_Fusión_tasa_o2_nm3_min                360.0 -0.027  0.181 -0.812 -0.128 -0.044  0.048  1.028
dir_Fusión_tasa_aire_nm3_min              360.0 -0.058  0.123 -0.518 -0.128 -0.027  0.025  0.418
dir_Fusión_posicion_vertical_lanza_mm     360.0  0.026  0.123 -0.399 -0.036  0.022  0.098  0.631
dir_Reducción_tasa_feed_Carbon_kg_min     362.0 -0.018  0.107 -0.443 -0.083 -0.023  0.043  0.582
dir_Reducción_tasa_gn_nm3_min             362.0 -0.265  0.230 -1.291 -0.366 -0.222 -0.114  0.325
dir_Reducción_tasa_o2_nm3_min             362.0 -0.066  0.242 -1.182 -0.139 -0.017  0.074  0.556
dir_Reducción_tasa_aire_nm3_min           362.0  0.038  0.334 -0.649 -0.071 -0.003  0.070  3.397
dir_Reducción_posicion_vertical_lanza_mm  362.0 -0.322  0.413 -2.404 -0.423 -0.216 -0.069  0.342
[  122.2s] 
                                                     coef_por_sd                 p_hc3                spearman               
subset                                                      DEV LOCKBOX  TOTAL    DEV LOCKBOX  TOTAL      DEV LOCKBOX  TOTAL
kpi                              variable                                                                                   
f_dross                          dist_F                  -0.001  -0.000 -0.004  0.618   0.975  0.075    0.015  -0.109 -0.059
                                 dist_F_placebo           0.001   0.004  0.001  0.689   0.420  0.667    0.036   0.105  0.009
                                 dist_R                   0.001  -0.002  0.000  0.771   0.736  0.924    0.027   0.074  0.022
                                 dist_R_placebo          -0.001  -0.001 -0.001  0.563   0.846  0.669   -0.019  -0.041 -0.038
                                 dist_total              -0.000  -0.002 -0.002  0.959   0.752  0.412    0.037  -0.023 -0.011
                                 dist_total_placebo       0.000   0.002  0.000  0.961   0.706  0.860    0.004   0.078 -0.026
f_polvo                          dist_F                   0.007   0.001  0.006  0.001   0.713  0.000    0.177   0.014  0.141
                                 dist_F_placebo          -0.002  -0.004 -0.002  0.396   0.391  0.371   -0.071  -0.097 -0.061
                                 dist_R                  -0.001  -0.000 -0.001  0.577   0.938  0.722   -0.021  -0.087 -0.032
                                 dist_R_placebo           0.002  -0.001  0.001  0.242   0.710  0.380    0.063  -0.029  0.043
                                 dist_total               0.002   0.000  0.002  0.365   0.938  0.214    0.075  -0.048  0.052
                                 dist_total_placebo       0.001  -0.004  0.000  0.768   0.355  0.989   -0.006  -0.176 -0.020
recuperacion_refinada_pct        dist_F                  -0.561  -0.109 -0.180  0.089   0.817  0.518   -0.116   0.129 -0.031
                                 dist_F_placebo           0.041  -0.115  0.028  0.872   0.864  0.908   -0.011   0.008  0.017
                                 dist_R                  -0.042   0.329 -0.008  0.884   0.600  0.974   -0.002  -0.011  0.008
                                 dist_R_placebo          -0.094   0.290 -0.052  0.726   0.607  0.827   -0.030   0.078  0.006
                                 dist_total              -0.225   0.237 -0.057  0.478   0.664  0.836   -0.074   0.092 -0.017
                                 dist_total_placebo      -0.104   0.147 -0.073  0.721   0.790  0.787   -0.020   0.093  0.026
recuperacion_refinada_pct_media2 dist_F                  -0.498  -0.599 -0.225  0.030   0.170  0.252   -0.142   0.070 -0.036
                                 dist_F_placebo           0.218   0.161  0.238  0.330   0.721  0.223    0.027   0.067  0.072
                                 dist_R                  -0.105  -0.220 -0.124  0.640   0.645  0.538   -0.077  -0.074 -0.058
                                 dist_R_placebo           0.032  -0.307 -0.039  0.880   0.425  0.841   -0.029  -0.168 -0.019
                                 dist_total              -0.288  -0.462 -0.204  0.215   0.290  0.316   -0.131  -0.093 -0.063
                                 dist_total_placebo       0.165  -0.133  0.125  0.425   0.714  0.516    0.026  -0.036  0.066
recuperacion_refinada_pct_next   dist_F                  -0.435  -1.132 -0.251  0.130   0.094  0.339   -0.112   0.040 -0.038
                                 dist_F_placebo           0.396   0.153  0.416  0.205   0.798  0.120    0.039   0.055  0.073
                                 dist_R                  -0.169  -0.602 -0.214  0.571   0.355  0.423   -0.128  -0.103 -0.111
                                 dist_R_placebo           0.158  -0.789 -0.012  0.618   0.193  0.968    0.016  -0.268 -0.006
                                 dist_total              -0.351  -1.035 -0.321  0.247   0.124  0.233   -0.145  -0.193 -0.100
                                 dist_total_placebo       0.434  -0.502  0.313  0.169   0.326  0.276    0.074  -0.140  0.084
rendimiento_proxy_batch          dist_F                  -0.582  -0.130 -0.205  0.085   0.783  0.471   -0.122   0.116 -0.040
                                 dist_F_placebo           0.095  -0.029  0.084  0.717   0.965  0.733    0.005   0.012  0.024
                                 dist_R                   0.033   0.226  0.038  0.909   0.714  0.883    0.013  -0.024  0.020
                                 dist_R_placebo          -0.090   0.230 -0.057  0.746   0.684  0.819   -0.029   0.056  0.003
                                 dist_total              -0.164   0.138 -0.027  0.609   0.795  0.924   -0.063   0.070 -0.010
                                 dist_total_placebo      -0.067   0.156 -0.041  0.824   0.778  0.884   -0.010   0.079  0.030
[  122.2s] LISTO evidencia
