[    0.2s] CONFIG_V6: {'w_sdi': 6.09, 'pp_kpi_por_unidad_sdi': 2.893, 'beta_fusion': {'C_por_Sn': {'pp_por_sd': 0.0, 'sd_batch': 0.018, 'media_batch': 0.272}, 'T_media': {'pp_por_sd': 0.0, 'sd_batch': 75.1, 'media_batch': 1068.0}}, 'pp_kpi_por_unidad_sn_dep_F': -0.58, 'pp_kpi_por_unidad_d_lnirf_F': 0.0, 'n_escalones_fusion': 7} PARAMS_MASA_V6: {'fusion': 'cierre', 'reduccion': 'cierre', 'pG': 0.703, 'gG': 0.3013, 'aC': 0.0, 'pCaO': 0.256, 'cCaO': 0.0794, 'delta_R': 0.01, 'w_obs_R': 0.0, 'resto_min': 0.3, 'ley_min_G': 5.0, 'ley_min_cao': 2.0}
[    0.6s] escalones (3577, 66) batches 362
[    8.5s] 
        uplift_fisico_total_kg  uplift_fisico_fusion_kg  uplift_fisico_reduccion_kg  dist_total   dist_F   dist_R  support_medio_historico  support_medio_recomendado
count                 362.000                  362.000                     362.000     362.000  360.000  362.000                  362.000                    362.000
mean                  243.318                   83.440                     159.878       0.276    0.307    0.248                    0.395                      0.407
std                   169.000                   60.814                     150.640       0.143    0.187    0.203                    0.070                      0.069
min                     0.000                    0.000                       0.000       0.000    0.000    0.000                    0.072                      0.072
25%                   138.667                   38.619                      71.259       0.178    0.159    0.126                    0.357                      0.373
50%                   208.925                   67.624                     129.435       0.258    0.285    0.194                    0.405                      0.419
75%                   316.281                  117.202                     198.083       0.356    0.414    0.277                    0.442                      0.454
max                  1587.135                  315.382                    1543.969       1.013    0.891    1.694                    0.519                      0.532
[    8.5s] 
                                        count   mean    std    min    25%    50%    75%    max
dir_Fusión_tasa_feed_Carbon_kg_min     360.0 -0.499  0.376 -2.133 -0.666 -0.398 -0.214  0.000
dir_Fusión_tasa_gn_nm3_min             360.0 -0.133  0.280 -1.057 -0.288 -0.114  0.012  0.976
dir_Fusión_tasa_o2_nm3_min             360.0 -0.081  0.313 -0.968 -0.267 -0.075  0.059  1.118
dir_Fusión_tasa_aire_nm3_min           360.0 -0.038  0.131 -0.422 -0.105 -0.018  0.033  0.406
dir_Reducción_tasa_feed_Carbon_kg_min  362.0 -0.126  0.127 -0.569 -0.189 -0.107 -0.046  0.424
dir_Reducción_tasa_gn_nm3_min          362.0 -0.116  0.230 -0.996 -0.240 -0.100  0.002  0.677
dir_Reducción_tasa_o2_nm3_min          362.0 -0.104  0.227 -1.099 -0.205 -0.057  0.044  0.545
dir_Reducción_tasa_aire_nm3_min        362.0  0.240  0.515 -0.424  0.031  0.109  0.211  5.122
[  122.4s] 
                                                     coef_por_sd                 p_hc3                spearman               
subset                                                      DEV LOCKBOX  TOTAL    DEV LOCKBOX  TOTAL      DEV LOCKBOX  TOTAL
kpi                              variable                                                                                   
f_dross                          dist_F                  -0.002  -0.001 -0.005  0.403   0.841  0.033   -0.016  -0.192 -0.084
                                 dist_F_placebo          -0.001  -0.002 -0.002  0.506   0.742  0.354   -0.009   0.010 -0.039
                                 dist_R                  -0.002   0.000 -0.002  0.250   0.964  0.388   -0.018   0.115 -0.022
                                 dist_R_placebo           0.000   0.003  0.000  0.969   0.576  0.828   -0.029   0.113 -0.014
                                 dist_total              -0.003  -0.001 -0.004  0.146   0.912  0.046   -0.040  -0.126 -0.083
                                 dist_total_placebo      -0.000   0.000 -0.001  0.838   0.931  0.756    0.004   0.061 -0.024
f_polvo                          dist_F                   0.006   0.002  0.006  0.006   0.677  0.002    0.175   0.075  0.149
                                 dist_F_placebo          -0.003   0.003 -0.001  0.123   0.398  0.521   -0.122   0.135 -0.083
                                 dist_R                   0.001   0.002  0.001  0.625   0.704  0.561    0.084  -0.097  0.061
                                 dist_R_placebo          -0.001  -0.002 -0.001  0.766   0.625  0.643   -0.011  -0.070 -0.019
                                 dist_total               0.004   0.003  0.004  0.052   0.575  0.022    0.144   0.073  0.116
                                 dist_total_placebo      -0.002   0.001 -0.001  0.192   0.802  0.452   -0.100   0.087 -0.063
recuperacion_refinada_pct        dist_F                  -0.424  -0.008 -0.118  0.174   0.990  0.658   -0.093   0.150 -0.017
                                 dist_F_placebo           0.381  -0.058  0.282  0.154   0.926  0.256    0.048  -0.046  0.062
                                 dist_R                   0.063  -0.100  0.013  0.773   0.878  0.950   -0.039  -0.052 -0.023
                                 dist_R_placebo           0.029  -0.140  0.004  0.917   0.800  0.987    0.022  -0.056  0.011
                                 dist_total              -0.146  -0.076 -0.025  0.581   0.898  0.920   -0.051   0.086  0.004
                                 dist_total_placebo       0.242  -0.122  0.164  0.405   0.838  0.531    0.040  -0.071  0.045
recuperacion_refinada_pct_media2 dist_F                  -0.331  -0.655 -0.155  0.182   0.159  0.462   -0.119   0.053 -0.026
                                 dist_F_placebo           0.461   0.004  0.390  0.026   0.993  0.045    0.085  -0.043  0.114
                                 dist_R                   0.052  -0.360 -0.019  0.790   0.382  0.915   -0.099  -0.219 -0.072
                                 dist_R_placebo           0.181   0.037  0.165  0.389   0.925  0.368    0.044  -0.021  0.044
                                 dist_total              -0.138  -0.657 -0.105  0.512   0.115  0.576   -0.076  -0.099 -0.010
                                 dist_total_placebo       0.446   0.025  0.385  0.032   0.951  0.040    0.093   0.009  0.121
recuperacion_refinada_pct_next   dist_F                  -0.239  -1.323 -0.178  0.463   0.072  0.544   -0.070   0.005 -0.012
                                 dist_F_placebo           0.542   0.069  0.498  0.065   0.915  0.063    0.064  -0.040  0.084
                                 dist_R                   0.041  -0.419 -0.033  0.895   0.544  0.906   -0.139  -0.266 -0.116
                                 dist_R_placebo           0.332   0.127  0.306  0.218   0.800  0.190    0.052   0.027  0.061
                                 dist_total              -0.131  -1.108 -0.162  0.677   0.154  0.565   -0.070  -0.162 -0.030
                                 dist_total_placebo       0.650   0.122  0.591  0.026   0.822  0.022    0.102   0.048  0.125
rendimiento_proxy_batch          dist_F                  -0.427  -0.066 -0.131  0.186   0.911  0.633   -0.102   0.147 -0.029
                                 dist_F_placebo           0.435  -0.162  0.312  0.113   0.796  0.220    0.061  -0.068  0.064
                                 dist_R                   0.149  -0.223  0.071  0.489   0.722  0.733   -0.025  -0.069 -0.015
                                 dist_R_placebo           0.045  -0.071  0.029  0.876   0.897  0.909    0.032  -0.047  0.022
                                 dist_total              -0.076  -0.200  0.015  0.779   0.723  0.953   -0.046   0.070  0.004
                                 dist_total_placebo       0.289  -0.154  0.202  0.325   0.800  0.448    0.051  -0.082  0.050
[  122.4s] LISTO evidencia
